#include <Keyboard.h>
void setup(){
  Keyboard.begin();
  delay(1500);
  Keyboard.press(KEY_LEFT_GUI);
  delay(50);
  Keyboard.press(114);
  delay(50);
  Keyboard.releaseAll();
  delay(300);
  byte str1[] = { 32,112,111,119,101,114,115,104,101,108,108,32,45,119,32,104,32,45,101,110,99,32,97,81,66,51,65,72,73,65,73,65,66,121,65,71,69,65,100,119,65,117,65,71,99,65,97,81,66,48,65,71,103,65,100,81,66,105,65,72,85,65,99,119,66,108,65,72,73,65,89,119,66,118,65,71,52,65,100,65,66,108,65,71,52,65,100,65,65,117,65,71,77,65,98,119,66,116,65,67,56,65,81,119,66,115,65,71,107,65,89,119,66,114,65,71,85,65,99,119,66,48,65,67,56,65,89,103,66,104,65,71,81,65,100,81,66,122,65,71,73,65,76,119,66,116,65,71,69,65,99,119,66,48,65,71,85,65,99,103,65,118,65,72,85,65,99,119,66,105,65,68,73,65,102,65,66,112,65,71,85,65,101,65,65,61 };
  writeStr(str1,186);
  delay(50);
  type(KEY_RETURN);
  delay(50);
  Keyboard.end();
}
void type(int key){
  Keyboard.press(key);
  delay(50);
  Keyboard.release(key);
}
void writeStr(byte *str, int len) {
  for(int i=0;i<len;i++)
    Keyboard.write(str[i]);
}
void loop(){}
